377.965
378.084
378.20300000000003
378.32300000000004
378.44200000000006
378.5610000000001
378.6800000000001
378.8000000000001
378.91900000000015
379.0380000000002
379.1580000000002
379.2770000000002
379.39600000000024
379.51500000000027
379.6350000000003
379.7540000000003
379.87300000000033
379.99300000000034
380.11200000000036
380.2310000000004
380.3510000000004
380.4700000000004
380.58900000000045
380.70900000000046
380.8280000000005
380.9470000000005
381.0670000000005
381.18600000000055
381.3050000000006
381.4250000000006
381.5440000000006
381.66300000000064
381.78300000000064
381.90200000000067
382.0210000000007
382.1400000000007
382.26000000000073
382.37900000000076
382.4980000000008
382.6180000000008
382.7370000000008
382.85600000000085
382.9750000000009
383.0950000000009
383.2140000000009
383.33300000000094
383.45300000000094
383.57200000000097
383.691000000001
383.811000000001
383.93000000000103
384.04900000000106
384.16900000000106
384.2880000000011
384.4070000000011
384.5270000000011
384.64600000000115
384.7650000000012
384.8850000000012
385.0040000000012
385.12300000000124
385.24300000000125
385.3620000000013
385.4810000000013
385.60000000000133
385.72000000000133
385.83900000000136
385.9580000000014
386.0780000000014
386.1970000000014
386.31600000000145
386.4350000000015
386.5550000000015
386.6740000000015
386.79300000000154
386.91300000000155
387.0320000000016
387.1510000000016
387.2710000000016
387.39000000000163
387.50900000000166
387.62900000000167
387.7480000000017
387.8670000000017
387.98700000000173
388.10600000000176
388.2250000000018
388.3450000000018
388.4640000000018
388.58300000000185
388.70300000000185
388.8220000000019
388.9410000000019
389.06000000000193
389.18000000000194
389.29900000000197
389.418000000002
389.538000000002
389.65700000000203
389.77600000000206
389.8950000000021
390.0150000000021
390.1340000000021
390.25300000000215
390.37300000000215
390.4920000000022
390.6110000000022
390.7310000000022
390.85000000000224
390.96900000000227
391.0890000000023
391.2080000000023
391.32700000000233
391.44700000000233
391.56600000000236
391.6850000000024
391.8050000000024
391.9240000000024
392.04300000000245
392.16300000000246
392.2820000000025
392.4010000000025
392.52000000000254
392.64000000000254
392.7590000000026
392.8780000000026
392.9980000000026
393.11700000000263
393.23600000000266
393.3550000000027
393.4750000000027
393.5940000000027
393.71300000000275
393.83300000000276
393.9520000000028
394.0710000000028
394.1910000000028
394.31000000000284
394.4290000000029
394.5490000000029
394.6680000000029
394.78700000000293
394.90700000000294
395.02600000000297
395.145000000003
395.265000000003
395.384000000003
395.50300000000306
395.62300000000306
395.7420000000031
395.8610000000031
395.98000000000314
396.10000000000315
396.2190000000032
396.3380000000032
396.4580000000032
396.57700000000324
396.69600000000327
396.8150000000033
396.9350000000033
397.0540000000033
397.17300000000336
397.29300000000336
397.4120000000034
397.5310000000034
397.6510000000034
397.77000000000345
397.8890000000035
398.0090000000035
398.1280000000035
398.24700000000354
398.36700000000354
398.48600000000357
398.6050000000036
398.7250000000036
398.84400000000363
398.96300000000366
399.08300000000366
399.2020000000037
399.3210000000037
399.44000000000375
399.56000000000375
399.6790000000038
399.7980000000038
399.9180000000038
400.03700000000384
400.15600000000387
400.2750000000039
400.3950000000039
400.51400000000393
400.63300000000396
400.75300000000396
400.872000000004
400.991000000004
401.111000000004
401.23000000000405
401.3490000000041
401.4690000000041
401.5880000000041
401.70700000000414
401.82700000000415
401.9460000000042
402.0650000000042
402.1850000000042
402.30400000000424
402.42300000000427
402.54300000000427
402.6620000000043
402.7810000000043
402.90000000000435
403.02000000000436
403.1390000000044
403.2580000000044
403.3780000000044
403.49700000000445
403.6160000000045
403.7350000000045
403.8550000000045
403.97400000000454
404.09300000000457
404.21300000000457
404.3320000000046
404.4510000000046
404.57100000000463
404.69000000000466
404.8090000000047
404.9290000000047
405.0480000000047
405.16700000000475
405.28700000000475
405.4060000000048
405.5250000000048
405.6450000000048
405.76400000000484
405.88300000000487
406.0030000000049
406.1220000000049
406.24100000000493
406.36000000000496
406.48000000000496
406.599000000005
406.718000000005
406.838000000005
406.95700000000505
407.0760000000051
407.1950000000051
407.3150000000051
407.43400000000514
407.55300000000517
407.6730000000052
407.7920000000052
407.91100000000523
408.03100000000524
408.15000000000526
408.2690000000053
408.3890000000053
408.5080000000053
408.62700000000535
408.74700000000536
408.8660000000054
408.9850000000054
409.1050000000054
409.22400000000545
409.3430000000055
409.4630000000055
409.5820000000055
409.70100000000554
409.82000000000556
409.94000000000557
410.0590000000056
410.1780000000056
410.29800000000563
410.41700000000566
410.5360000000057
410.6550000000057
410.7750000000057
410.89400000000575
411.0130000000058
411.1330000000058
411.2520000000058
411.37100000000584
411.49100000000584
411.61000000000587
411.7290000000059
411.8490000000059
411.96800000000593
412.08700000000596
412.20700000000596
412.326000000006
412.445000000006
412.565000000006
412.68400000000605
412.8030000000061
412.9230000000061
413.0420000000061
413.16100000000614
413.28000000000617
413.4000000000062
413.5190000000062
413.63800000000623
413.75800000000623
413.87700000000626
413.9960000000063
414.1150000000063
414.2350000000063
414.35400000000635
414.4730000000064
414.5930000000064
414.7120000000064
414.83100000000644
414.95100000000645
415.0700000000065
415.1890000000065
415.3090000000065
415.42800000000653
415.54700000000656
415.66700000000657
415.7860000000066
415.9050000000066
416.0250000000066
416.14400000000666
416.2630000000067
416.3830000000067
416.5020000000067
416.62100000000675
416.7400000000068
416.8600000000068
416.9790000000068
417.09800000000683
417.21800000000684
417.33700000000687
417.4560000000069
417.5750000000069
417.6950000000069
417.81400000000696
417.933000000007
418.053000000007
418.172000000007
418.29100000000705
418.41100000000705
418.5300000000071
418.6490000000071
418.7690000000071
418.88800000000714
419.00700000000717
419.1270000000072
419.2460000000072
419.3650000000072
419.48500000000723
419.60400000000726
419.7230000000073
419.8430000000073
419.9620000000073
420.08100000000735
420.2000000000074
420.3200000000074
420.4390000000074
420.55800000000744
420.67800000000744
420.7970000000075
420.9160000000075
421.0350000000075
421.15500000000753
421.27400000000756
421.3930000000076
421.5130000000076
421.6320000000076
421.75100000000765
421.87100000000765
421.9900000000077
422.1090000000077
422.2290000000077
422.34800000000774
422.4670000000078
422.5870000000078
422.7060000000078
422.82500000000783
422.94500000000784
423.06400000000787
423.1830000000079
423.3030000000079
423.4220000000079
423.54100000000795
423.660000000008
423.780000000008
423.899000000008
424.01800000000804
424.13800000000805
424.2570000000081
424.3760000000081
424.49500000000813
424.61500000000814
424.73400000000817
424.8530000000082
424.9730000000082
425.0920000000082
425.21100000000826
425.33100000000826
425.4500000000083
425.5690000000083
425.6890000000083
425.80800000000835
425.9270000000084
426.0470000000084
426.1660000000084
426.28500000000844
426.40500000000844
426.52400000000847
426.6430000000085
426.7630000000085
426.88200000000853
427.00100000000856
427.1200000000086
427.2400000000086
427.3590000000086
427.47800000000865
427.59800000000865
427.7170000000087
427.8360000000087
427.95500000000874
428.07500000000874
428.19400000000877
428.3130000000088
428.4330000000088
428.55200000000883
428.67100000000886
428.79100000000886
428.9100000000089
429.0290000000089
429.1490000000089
429.26800000000895
429.387000000009
429.507000000009
429.626000000009
429.74500000000904
429.86500000000905
429.9840000000091
430.1030000000091
430.2230000000091
430.34200000000914
430.46100000000916
430.5800000000092
430.7000000000092
430.8190000000092
430.93800000000925
431.05800000000926
431.1770000000093
431.2960000000093
431.41500000000934
431.53500000000935
431.6540000000094
431.7730000000094
431.8930000000094
432.01200000000944
432.13100000000946
432.25100000000947
432.3700000000095
432.4890000000095
432.60900000000953
432.72800000000956
432.8470000000096
432.9670000000096
433.0860000000096
433.20500000000965
433.32500000000965
433.4440000000097
433.5630000000097
433.6830000000097
433.80200000000974
433.92100000000977
434.0400000000098
434.1600000000098
434.27900000000983
434.39800000000986
434.51800000000986
434.6370000000099
434.7560000000099
434.87500000000995
434.99500000000995
435.11400000001
435.23300000001
435.35300000001
435.47200000001004
435.59100000001007
435.7110000000101
435.8300000000101
435.94900000001013
436.06900000001013
436.18800000001016
436.3070000000102
436.4270000000102
436.5460000000102
436.66500000001025
436.78500000001026
436.9040000000103
437.0230000000103
437.1430000000103
437.26200000001035
437.3810000000104
437.5000000000104
437.6200000000104
437.73900000001044
437.85800000001046
437.97800000001047
438.0970000000105
438.2160000000105
438.33500000001055
438.45500000001056
438.5740000000106
438.6930000000106
438.8130000000106
438.93200000001065
439.0510000000107
439.1710000000107
439.2900000000107
439.40900000001074
439.52900000001074
439.64800000001077
439.7670000000108
439.8870000000108
440.00600000001083
440.12500000001086
440.24500000001086
440.3640000000109
440.4830000000109
440.6030000000109
440.72200000001095
440.841000000011
440.960000000011
441.080000000011
441.19900000001104
441.31800000001107
441.4380000000111
441.5570000000111
441.67600000001113
441.79500000001116
441.91500000001116
442.0340000000112
442.1530000000112
442.2730000000112
442.39200000001125
442.5110000000113
442.6310000000113
442.7500000000113
442.86900000001134
442.98900000001134
443.1080000000114
443.2270000000114
443.3470000000114
443.46600000001143
443.58500000001146
443.70500000001147
443.8240000000115
443.9430000000115
444.0630000000115
444.18200000001156
444.3010000000116
444.4200000000116
444.5400000000116
444.65900000001164
444.7780000000117
444.8980000000117
445.0170000000117
445.13600000001173
445.25500000001176
445.37500000001177
445.4940000000118
445.6130000000118
445.7330000000118
445.85200000001186
445.9710000000119
446.0910000000119
446.2100000000119
446.32900000001194
446.44900000001195
446.568000000012
446.687000000012
446.807000000012
446.92600000001204
447.04500000001207
447.16500000001207
447.2840000000121
447.4030000000121
447.52300000001213
447.64200000001216
447.7610000000122
447.8800000000122
448.0000000000122
448.11900000001225
448.2380000000123
448.3580000000123
448.4770000000123
448.59600000001234
448.71500000001237
448.83500000001237
448.9540000000124
449.0730000000124
449.19300000001243
449.31200000001246
449.4310000000125
449.5510000000125
449.6700000000125
449.78900000001255
449.90900000001255
450.0280000000126
450.1470000000126
450.2670000000126
450.38600000001264
450.50500000001267
450.6250000000127
450.7440000000127
450.86300000001273
450.98300000001274
451.10200000001277
451.2210000000128
451.3400000000128
451.4600000000128
451.57900000001285
451.6980000000129
451.8180000000129
451.9370000000129
452.05600000001294
452.175000000013
452.295000000013
452.414000000013
452.53300000001303
452.65300000001304
452.77200000001307
452.8910000000131
453.0110000000131
453.1300000000131
453.24900000001315
453.36900000001316
453.4880000000132
453.6070000000132
453.7270000000132
453.84600000001325
453.9650000000133
454.0850000000133
454.2040000000133
454.32300000001334
454.44300000001334
454.56200000001337
454.6810000000134
454.8000000000134
454.92000000001343
455.03900000001346
455.1580000000135
455.2780000000135
455.3970000000135
455.51600000001355
455.6350000000136
455.7550000000136
455.8740000000136
455.99300000001364
456.11300000001364
456.23200000001367
456.3510000000137
456.4710000000137
456.59000000001373
456.70900000001376
456.82900000001376
456.9480000000138
457.0670000000138
457.1870000000138
457.30600000001385
457.4250000000139
457.5450000000139
457.6640000000139
457.78300000001394
457.90300000001395
458.022000000014
458.141000000014
458.26000000001403
458.38000000001404
458.49900000001406
458.6180000000141
458.7380000000141
458.8570000000141
458.97600000001415
459.0950000000142
459.2150000000142
459.3340000000142
459.45300000001424
459.57300000001425
459.6920000000143
459.8110000000143
459.9310000000143
460.05000000001434
460.16900000001436
460.28900000001437
460.4080000000144
460.5270000000144
460.64700000001443
460.76600000001446
460.8850000000145
461.0050000000145
461.1240000000145
461.24300000001455
461.36300000001455
461.4820000000146
461.6010000000146
461.72000000001464
461.84000000001464
461.95900000001467
462.0780000000147
462.1980000000147
462.31700000001473
462.43600000001476
462.5550000000148
462.6750000000148
462.7940000000148
462.91300000001485
463.03300000001485
463.1520000000149
463.2710000000149
463.3910000000149
463.51000000001494
463.62900000001497
463.749000000015
463.868000000015
463.98700000001503
464.10700000001503
464.22600000001506
464.3450000000151
464.4650000000151
464.5840000000151
464.70300000001515
464.82300000001516
464.9420000000152
465.0610000000152
465.18000000001524
465.30000000001525
465.4190000000153
465.5380000000153
465.6580000000153
465.77700000001533
465.89600000001536
466.0150000000154
466.1350000000154
466.2540000000154
466.37300000001545
466.49300000001546
466.6120000000155
466.7310000000155
466.8510000000155
466.97000000001555
467.0890000000156
467.2090000000156
467.3280000000156
467.44700000001563
467.56700000001564
467.68600000001567
467.8050000000157
467.9250000000157
468.0440000000157
468.16300000001576
468.28300000001576
468.4020000000158
468.5210000000158
468.64000000001585
468.76000000001585
468.8790000000159
468.9980000000159
469.1180000000159
469.23700000001594
469.35600000001597
469.475000000016
469.595000000016
469.71400000001603
469.83300000001606
469.95300000001606
470.0720000000161
470.1910000000161
470.3110000000161
470.43000000001615
470.5490000000162
470.6690000000162
470.7880000000162
470.90700000001624
471.02700000001624
471.1460000000163
471.2650000000163
471.3850000000163
471.50400000001633
471.62300000001636
471.74300000001637
471.8620000000164
471.9810000000164
472.10000000001645
472.22000000001646
472.3390000000165
472.4580000000165
472.5780000000165
472.69700000001654
472.8160000000166
472.9350000000166
473.0550000000166
473.17400000001663
473.29300000001666
473.41300000001667
473.5320000000167
473.6510000000167
473.7710000000167
473.89000000001676
474.0090000000168
474.1290000000168
474.2480000000168
474.36700000001684
474.48700000001685
474.6060000000169
474.7250000000169
474.8450000000169
474.96400000001694
475.08300000001697
475.20300000001697
475.322000000017
475.441000000017
475.56000000001706
475.68000000001706
475.7990000000171
475.9180000000171
476.0380000000171
476.15700000001715
476.2760000000172
476.3950000000172
476.5150000000172
476.63400000001724
476.75300000001727
476.87300000001727
476.9920000000173
477.1110000000173
477.23100000001733
477.35000000001736
477.4690000000174
477.5890000000174
477.7080000000174
477.82700000001745
477.94700000001745
478.0660000000175
478.1850000000175
478.3050000000175
478.42400000001754
478.54300000001757
478.6630000000176
478.7820000000176
478.90100000001763
479.02000000001766
479.14000000001766
479.2590000000177
479.3780000000177
479.4980000000177
479.61700000001775
479.7360000000178
479.8550000000178
479.9750000000178
480.09400000001784
480.21300000001787
480.3330000000179
480.4520000000179
480.57100000001793
480.69100000001794
480.81000000001796
480.929000000018
481.049000000018
481.168000000018
481.28700000001805
481.40700000001806
481.5260000000181
481.6450000000181
481.7650000000181
481.88400000001815
482.0030000000182
482.1230000000182
482.2420000000182
482.36100000001824
482.48000000001826
482.60000000001827
482.7190000000183
482.8380000000183
482.95800000001833
483.07700000001836
483.1960000000184
483.3150000000184
483.4350000000184
483.55400000001845
483.6730000000185
483.7930000000185
483.9120000000185
484.03100000001854
484.15100000001854
484.27000000001857
484.3890000000186
484.5090000000186
484.62800000001863
484.74700000001866
484.86700000001866
484.9860000000187
485.1050000000187
485.2250000000187
485.34400000001875
485.4630000000188
485.5830000000188
485.7020000000188
485.82100000001884
485.94000000001887
486.0600000000189
486.1790000000189
486.29800000001893
486.41800000001894
486.53700000001896
486.656000000019
486.775000000019
486.895000000019
487.01400000001905
487.1330000000191
487.2530000000191
487.3720000000191
487.49100000001914
487.61100000001915
487.7300000000192
487.8490000000192
487.9690000000192
488.08800000001924
488.20700000001926
488.32700000001927
488.4460000000193
488.5650000000193
488.68500000001933
488.80400000001936
488.9230000000194
489.0430000000194
489.1620000000194
489.28100000001945
489.4000000000195
489.5200000000195
489.6390000000195
489.75800000001954
489.87800000001954
489.99700000001957
490.1160000000196
490.2350000000196
490.35500000001963
490.47400000001966
490.5930000000197
490.7130000000197
490.8320000000197
490.95100000001975
491.07100000001975
491.1900000000198
491.3090000000198
491.4290000000198
491.54800000001984
491.66700000001987
491.7870000000199
491.9060000000199
492.02500000001993
492.14500000001993
492.26400000001996
492.38300000002
492.50300000002
492.62200000002
492.74100000002005
492.8600000000201
492.9800000000201
493.0990000000201
493.21800000002014
493.33800000002014
493.4570000000202
493.5760000000202
493.69500000002023
493.81500000002023
493.93400000002026
494.0530000000203
494.1730000000203
494.2920000000203
494.41100000002035
494.53100000002036
494.6500000000204
494.7690000000204
494.8890000000204
495.00800000002044
495.1270000000205
495.2470000000205
495.3660000000205
495.48500000002053
495.60500000002054
495.72400000002057
495.8430000000206
495.9630000000206
496.0820000000206
496.20100000002066
496.3200000000207
496.4400000000207
496.5590000000207
496.67800000002075
496.79800000002075
496.9170000000208
497.0360000000208
497.15500000002083
497.27500000002084
497.39400000002087
497.5130000000209
497.6330000000209
497.7520000000209
497.87100000002096
497.99100000002096
498.110000000021
498.229000000021
498.349000000021
498.46800000002105
498.5870000000211
498.7070000000211
498.8260000000211
498.94500000002114
499.06500000002114
499.1840000000212
499.3030000000212
499.4230000000212
499.54200000002123
499.66100000002126
499.7800000000213
499.9000000000213
500.0190000000213
500.13800000002135
500.25800000002135
500.3770000000214
500.4960000000214
500.61500000002144
500.73500000002144
500.8540000000215
500.9730000000215
501.0930000000215
501.21200000002153
501.33100000002156
501.45100000002157
501.5700000000216
501.6890000000216
501.8090000000216
501.92800000002165
502.0470000000217
502.1670000000217
502.2860000000217
502.40500000002174
502.52500000002175
502.6440000000218
502.7630000000218
502.8830000000218
503.00200000002184
503.12100000002187
503.2400000000219
503.3600000000219
503.4790000000219
503.59800000002195
503.71800000002196
503.837000000022
503.956000000022
504.07500000002204
504.19500000002205
504.3140000000221
504.4330000000221
504.5530000000221
504.67200000002214
504.79100000002217
504.91100000002217
505.0300000000222
505.1490000000222
505.26900000002223
505.38800000002226
505.5070000000223
505.6270000000223
505.7460000000223
505.86500000002235
505.98500000002235
506.1040000000224
506.2230000000224
506.3430000000224
506.46200000002244
506.58100000002247
506.7000000000225
506.8200000000225
506.93900000002253
507.05800000002256
507.17800000002256
507.2970000000226
507.4160000000226
507.53500000002265
507.65500000002265
507.7740000000227
507.8930000000227
508.0130000000227
508.13200000002274
508.25100000002277
508.3710000000228
508.4900000000228
508.60900000002283
508.72900000002284
508.84800000002286
508.9670000000229
509.0870000000229
509.2060000000229
509.32500000002295
509.44500000002296
509.564000000023
509.683000000023
509.803000000023
509.92200000002305
510.0410000000231
510.1600000000231
510.2800000000231
510.39900000002314
510.51800000002316
510.63800000002317
510.7570000000232
510.8760000000232
510.99500000002325
511.11500000002326
511.2340000000233
511.3530000000233
511.4730000000233
511.59200000002335
511.7110000000234
511.8310000000234
511.9500000000234
512.0690000000234
512.1890000000234
512.3080000000234
512.4270000000234
512.5470000000234
512.6660000000235
512.7850000000235
512.9050000000235
513.0240000000235
513.1430000000236
513.2630000000236
513.3820000000236
513.5010000000236
513.6200000000237
513.7400000000237
513.8590000000237
513.9780000000237
514.0980000000237
514.2170000000237
514.3360000000238
514.4550000000238
514.5750000000238
514.6940000000238
514.8130000000239
514.9330000000239
515.0520000000239
515.1710000000239
515.2910000000239
515.410000000024
515.529000000024
515.649000000024
515.768000000024
515.887000000024
516.007000000024
516.1260000000241
516.2450000000241
516.3650000000241
516.4840000000241
516.6030000000242
516.7230000000242
516.8420000000242
516.9610000000242
517.0800000000243
517.2000000000243
517.3190000000243
517.4380000000243
517.5580000000243
517.6770000000243
517.7960000000244
517.9150000000244
518.0350000000244
518.1540000000244
518.2730000000245
518.3930000000245
518.5120000000245
518.6310000000245
518.7510000000245
518.8700000000246
518.9890000000246
519.1090000000246
519.2280000000246
519.3470000000247
519.4670000000247
519.5860000000247
519.7050000000247
519.8250000000247
519.9440000000247
520.0630000000248
520.1830000000248
520.3020000000248
520.4210000000248
520.5400000000249
520.6600000000249
520.7790000000249
520.8980000000249
521.0180000000249
521.137000000025
521.256000000025
521.375000000025
521.495000000025
521.614000000025
521.7330000000251
521.8530000000251
521.9720000000251
522.0910000000251
522.2110000000251
522.3300000000252
522.4490000000252
522.5690000000252
522.6880000000252
522.8070000000253
522.9270000000253
523.0460000000253
523.1650000000253
523.2850000000253
523.4040000000253
523.5230000000254
523.6430000000254
523.7620000000254
523.8810000000254
524.0000000000255
524.1200000000255
524.2390000000255
524.3580000000255
524.4780000000255
524.5970000000256
524.7160000000256
524.8350000000256
524.9550000000256
525.0740000000256
525.1930000000257
525.3130000000257
525.4320000000257
525.5510000000257
525.6710000000257
525.7900000000258
525.9090000000258
526.0290000000258
526.1480000000258
526.2670000000259
526.3870000000259
526.5060000000259
526.6250000000259
526.7450000000259
526.864000000026
526.983000000026
527.103000000026
527.222000000026
527.341000000026
527.4600000000261
527.5800000000261
527.6990000000261
527.8180000000261
527.9380000000261
528.0570000000262
528.1760000000262
528.2950000000262
528.4150000000262
528.5340000000263
528.6530000000263
528.7730000000263
528.8920000000263
529.0110000000263
529.1310000000263
529.2500000000264
529.3690000000264
529.4890000000264
529.6080000000264
529.7270000000265
529.8470000000265
529.9660000000265
530.0850000000265
530.2050000000265
530.3240000000266
530.4430000000266
530.5630000000266
530.6820000000266
530.8010000000266
530.9200000000267
531.0400000000267
531.1590000000267
531.2780000000267
531.3980000000267
531.5170000000268
531.6360000000268
531.7550000000268
531.8750000000268
531.9940000000269
532.1130000000269
532.2330000000269
532.3520000000269
532.471000000027
532.591000000027
532.710000000027
532.829000000027
532.949000000027
533.068000000027
533.1870000000271
533.3070000000271
533.4260000000271
533.5450000000271
533.6650000000271
533.7840000000272
533.9030000000272
534.0230000000272
534.1420000000272
534.2610000000273
534.3800000000273
534.5000000000273
534.6190000000273
534.7380000000273
534.8580000000273
534.9770000000274
535.0960000000274
535.2150000000274
535.3350000000274
535.4540000000275
535.5730000000275
535.6930000000275
535.8120000000275
535.9310000000276
536.0510000000276
536.1700000000276
536.2890000000276
536.4090000000276
536.5280000000276
536.6470000000277
536.7670000000277
536.8860000000277
537.0050000000277
537.1250000000277
537.2440000000278
537.3630000000278
537.4830000000278
537.6020000000278
537.7210000000279
537.8400000000279
537.9600000000279
538.0790000000279
538.198000000028
538.318000000028
538.437000000028
538.556000000028
538.675000000028
538.795000000028
538.9140000000281
539.0330000000281
539.1530000000281
539.2720000000281
539.3910000000282
539.5110000000282
539.6300000000282
539.7490000000282
539.8690000000282
539.9880000000283
540.1070000000283
540.2270000000283
540.3460000000283
540.4650000000283
540.5850000000283
540.7040000000284
540.8230000000284
540.9430000000284
541.0620000000284
541.1810000000285
541.3000000000285
541.4200000000285
541.5390000000285
541.6580000000286
541.7780000000286
541.8970000000286
542.0160000000286
542.1350000000286
542.2550000000286
542.3740000000287
542.4930000000287
542.6130000000287
542.7320000000287
542.8510000000288
542.9710000000288
543.0900000000288
543.2090000000288
543.3290000000288
543.4480000000289
543.5670000000289
543.6870000000289
543.8060000000289
543.925000000029
544.045000000029
544.164000000029
544.283000000029
544.403000000029
544.522000000029
544.6410000000291
544.7600000000291
544.8800000000291
544.9990000000291
545.1180000000292
545.2380000000292
545.3570000000292
545.4760000000292
545.5950000000292
545.7150000000292
545.8340000000293
545.9530000000293
546.0730000000293
546.1920000000293
546.3110000000294
546.4310000000294
546.5500000000294
546.6690000000294
546.7890000000294
546.9080000000295
547.0270000000295
547.1470000000295
547.2660000000295
547.3850000000295
547.5050000000296
547.6240000000296
547.7430000000296
547.8630000000296
547.9820000000296
548.1010000000297
548.2200000000297
548.3400000000297
548.4590000000297
548.5780000000298
548.6980000000298
548.8170000000298
548.9360000000298
549.0550000000298
549.1750000000299
549.2940000000299
549.4130000000299
549.5330000000299
549.65200000003
549.77100000003
549.89100000003
550.01000000003
550.12900000003
550.24900000003
550.3680000000301
550.4870000000301
550.6070000000301
550.7260000000301
550.8450000000302
550.9650000000302
551.0840000000302
551.2030000000302
551.3230000000302
551.4420000000302
551.5610000000303
551.6800000000303
551.8000000000303
551.9190000000303
552.0380000000304
552.1580000000304
552.2770000000304
552.3960000000304
552.5150000000305
552.6350000000305
552.7540000000305
552.8730000000305
552.9930000000305
553.1120000000305
553.2310000000306
553.3510000000306
553.4700000000306
553.5890000000306
553.7090000000306
553.8280000000307
553.9470000000307
554.0670000000307
554.1860000000307
554.3050000000308
554.4250000000308
554.5440000000308
554.6630000000308
554.7830000000308
554.9020000000309
555.0210000000309
555.1400000000309
555.2600000000309
555.3790000000309
555.498000000031
555.618000000031
555.737000000031
555.856000000031
555.9750000000311
556.0950000000311
556.2140000000311
556.3330000000311
556.4530000000311
556.5720000000312
556.6910000000312
556.8110000000312
556.9300000000312
557.0490000000312
557.1690000000312
557.2880000000313
557.4070000000313
557.5270000000313
557.6460000000313
557.7650000000314
557.8850000000314
558.0040000000314
558.1230000000314
558.2430000000314
558.3620000000315
558.4810000000315
558.6000000000315
558.7200000000315
558.8390000000315
558.9580000000316
559.0780000000316
559.1970000000316
559.3160000000316
559.4350000000317
559.5550000000317
559.6740000000317
559.7930000000317
559.9130000000317
560.0320000000318
560.1510000000318
560.2710000000318
560.3900000000318
560.5090000000318
560.6290000000319
560.7480000000319
560.8670000000319
560.9870000000319
561.1060000000319
561.225000000032
561.345000000032
561.464000000032
561.583000000032
561.703000000032
561.8220000000321
561.9410000000321
562.0600000000321
562.1800000000321
562.2990000000322
562.4180000000322
562.5380000000322
562.6570000000322
562.7760000000322
562.8950000000323
563.0150000000323
563.1340000000323
563.2530000000323
563.3730000000323
563.4920000000324
563.6110000000324
563.7310000000324
563.8500000000324
563.9690000000325
564.0890000000325
564.2080000000325
564.3270000000325
564.4470000000325
564.5660000000325
564.6850000000326
564.8050000000326
564.9240000000326
565.0430000000326
565.1630000000326
565.2820000000327
565.4010000000327
565.5200000000327
565.6400000000327
565.7590000000328
565.8780000000328
565.9980000000328
566.1170000000328
566.2360000000328
566.3550000000329
566.4750000000329
566.5940000000329
566.7130000000329
566.8330000000329
566.952000000033
567.071000000033
567.191000000033
567.310000000033
567.429000000033
567.5490000000331
567.6680000000331
567.7870000000331
567.9070000000331
568.0260000000332
568.1450000000332
568.2650000000332
568.3840000000332
568.5030000000332
568.6230000000332
568.7420000000333
568.8610000000333
568.9800000000333
569.1000000000333
569.2190000000334
569.3380000000334
569.4580000000334
569.5770000000334
569.6960000000335
569.8150000000335
569.9350000000335
570.0540000000335
570.1730000000335
570.2930000000335
570.4120000000336
570.5310000000336
570.6510000000336
570.7700000000336
570.8890000000337
571.0090000000337
571.1280000000337
571.2470000000337
571.3670000000337
571.4860000000338
571.6050000000338
571.7250000000338
571.8440000000338
571.9630000000338
572.0830000000338
572.2020000000339
572.3210000000339
572.4400000000339
572.5600000000339
572.679000000034
572.798000000034
572.918000000034
573.037000000034
573.156000000034
573.2750000000341
573.3950000000341
573.5140000000341
573.6330000000341
573.7530000000341
573.8720000000342
573.9910000000342
574.1110000000342
574.2300000000342
574.3490000000343
574.4690000000343
574.5880000000343
574.7070000000343
574.8270000000343
574.9460000000344
575.0650000000344
575.1850000000344
575.3040000000344
575.4230000000344
575.5430000000345
575.6620000000345
575.7810000000345
575.9000000000345
576.0200000000345
576.1390000000346
576.2580000000346
576.3780000000346
576.4970000000346
576.6160000000347
576.7350000000347
576.8550000000347
576.9740000000347
577.0930000000347
577.2130000000348
577.3320000000348
577.4510000000348
577.5710000000348
577.6900000000348
577.8090000000349
577.9290000000349
578.0480000000349
578.1670000000349
578.2870000000349
578.406000000035
578.525000000035
578.645000000035
578.764000000035
578.883000000035
579.0030000000351
579.1220000000351
579.2410000000351
579.3600000000351
579.4800000000351
579.5990000000352
579.7180000000352
579.8380000000352
579.9570000000352
580.0760000000353
580.1950000000353
580.3150000000353
580.4340000000353
580.5530000000354
580.6730000000354
580.7920000000354
580.9110000000354
581.0310000000354
581.1500000000354
581.2690000000355
581.3890000000355
581.5080000000355
581.6270000000355
581.7470000000355
581.8660000000356
581.9850000000356
582.1050000000356
582.2240000000356
582.3430000000357
582.4630000000357
582.5820000000357
582.7010000000357
582.8200000000357
582.9400000000358
583.0590000000358
583.1780000000358
583.2980000000358
583.4170000000358
583.5360000000359
583.6550000000359
583.7750000000359
583.8940000000359
584.013000000036
584.133000000036
584.252000000036
584.371000000036
584.491000000036
584.610000000036
584.7290000000361
584.8490000000361
584.9680000000361
585.0870000000361
585.2070000000361
585.3260000000362
585.4450000000362
585.5650000000362
585.6840000000362
585.8030000000363
585.9230000000363
586.0420000000363
586.1610000000363
586.2800000000364
586.4000000000364
586.5190000000364
586.6380000000364
586.7580000000364
586.8770000000364
586.9960000000365
587.1150000000365
587.2350000000365
587.3540000000365
587.4730000000366
587.5930000000366
587.7120000000366
587.8310000000366
587.9510000000366
588.0700000000367
588.1890000000367
588.3090000000367
588.4280000000367
588.5470000000367
588.6670000000368
588.7860000000368
588.9050000000368
589.0250000000368
589.1440000000368
589.2630000000369
589.3830000000369
589.5020000000369
589.6210000000369
589.740000000037
589.860000000037
589.979000000037
590.098000000037
590.218000000037
590.337000000037
590.4560000000371
590.5750000000371
590.6950000000371
590.8140000000371
590.9330000000372
591.0530000000372
591.1720000000372
591.2910000000372
591.4110000000372
591.5300000000373
591.6490000000373
591.7690000000373
591.8880000000373
592.0070000000374
592.1270000000374
592.2460000000374
592.3650000000374
592.4850000000374
592.6040000000374
592.7230000000375
592.8430000000375
592.9620000000375
593.0810000000375
593.2000000000376
593.3200000000376
593.4390000000376
593.5580000000376
593.6780000000376
593.7970000000377
593.9160000000377
594.0350000000377
594.1550000000377
594.2740000000377
594.3930000000378
594.5130000000378
594.6320000000378
594.7510000000378
594.8710000000378
594.9900000000379
595.1090000000379
595.2290000000379
595.3480000000379
595.467000000038
595.587000000038
595.706000000038
595.825000000038
595.945000000038
596.064000000038
596.1830000000381
596.3030000000381
596.4220000000381
596.5410000000381
596.6600000000382
596.7800000000382
596.8990000000382
597.0180000000382
597.1380000000382
597.2570000000383
597.3760000000383
597.4950000000383
597.6150000000383
597.7340000000383
597.8530000000384
597.9730000000384
598.0920000000384
598.2110000000384
598.3310000000384
598.4500000000385
598.5690000000385
598.6890000000385
598.8080000000385
598.9270000000386
599.0470000000386
599.1660000000386
599.2850000000386
599.4050000000386
599.5240000000387
599.6430000000387
599.7630000000387
599.8820000000387
600.0010000000387
600.1200000000388
600.2400000000388
600.3590000000388
600.4780000000388
600.5980000000388
600.7170000000389
600.8360000000389
600.9550000000389
601.0750000000389
601.194000000039
601.313000000039
601.433000000039
601.552000000039
601.671000000039
601.791000000039
601.9100000000391
602.0290000000391
602.1490000000391
602.2680000000391
602.3870000000392
602.5070000000392
602.6260000000392
602.7450000000392
602.8650000000392
602.9840000000393
603.1030000000393
603.2230000000393
603.3420000000393
603.4610000000393
603.5800000000394
603.7000000000394
603.8190000000394
603.9380000000394
604.0580000000394
604.1770000000395
604.2960000000395
604.4150000000395
604.5350000000395
604.6540000000396
604.7730000000396
604.8930000000396
605.0120000000396
605.1310000000396
605.2510000000397
605.3700000000397
605.4890000000397
605.6090000000397
605.7280000000397
605.8470000000398
605.9670000000398
606.0860000000398
606.2050000000398
606.3250000000398
606.4440000000399
606.5630000000399
606.6830000000399
606.8020000000399
606.92100000004
607.04000000004
607.16000000004
607.27900000004
607.39800000004
607.51800000004
607.6370000000401
607.7560000000401
607.8750000000401
607.9950000000401
608.1140000000402
608.2330000000402
608.3530000000402
608.4720000000402
608.5910000000403
608.7110000000403
608.8300000000403
608.9490000000403
609.0690000000403
609.1880000000403
609.3070000000404
609.4270000000404
609.5460000000404
609.6650000000404
609.7850000000404
609.9040000000405
610.0230000000405
610.1430000000405
610.2620000000405
610.3810000000406
610.5000000000406
610.6200000000406
610.7390000000406
610.8580000000406
610.9780000000407
611.0970000000407
611.2160000000407
611.3350000000407
611.4550000000407
611.5740000000408
611.6930000000408
611.8130000000408
611.9320000000408
612.0510000000409
612.1710000000409
612.2900000000409
612.4090000000409
612.5290000000409
612.648000000041
612.767000000041
612.887000000041
613.006000000041
613.125000000041
613.245000000041
613.3640000000411
613.4830000000411
613.6030000000411
613.7220000000411
613.8410000000412
613.9600000000412
614.0800000000412
614.1990000000412
614.3180000000413
614.4380000000413
614.5570000000413
614.6760000000413
614.7950000000413
614.9150000000413
615.0340000000414
615.1530000000414
615.2730000000414
615.3920000000414
615.5110000000415
615.6310000000415
615.7500000000415
615.8690000000415
615.9890000000415
616.1080000000416
616.2270000000416
616.3470000000416
616.4660000000416
616.5850000000416
616.7050000000417
616.8240000000417
616.9430000000417
617.0630000000417
617.1820000000417
617.3010000000418
617.4200000000418
617.5400000000418
617.6590000000418
617.7780000000419
617.8980000000419
618.0170000000419
618.1360000000419
618.255000000042
618.375000000042
618.494000000042
618.613000000042
618.733000000042
618.852000000042
618.9710000000421
619.0910000000421
619.2100000000421
619.3290000000421
619.4490000000421
619.5680000000422
619.6870000000422
619.8070000000422
619.9260000000422
620.0450000000423
620.1650000000423
620.2840000000423
620.4030000000423
620.5230000000423
620.6420000000423
620.7610000000424
620.8800000000424
621.0000000000424
621.1190000000424
621.2380000000425
621.3580000000425
621.4770000000425
621.5960000000425
621.7150000000426
621.8350000000426
621.9540000000426
622.0730000000426
622.1930000000426